# k    Ps    Pt    r    ns
100000000000000.0	inf	3.0775492212912653e-12	0.0	nan
114975699539773.56	inf	3.077638281269931e-12	0.0	nan
132194114846602.88	inf	3.078309643958804e-12	0.0	nan
151991108295293.3	inf	3.0777235498443907e-12	0.0	-inf
174752840000768.28	195813271222614.78	3.077778405896793e-12	1.5717925484211692e-26	-inf
200923300256504.6	187921980120496.3	3.078064945294528e-12	1.6379483354320026e-26	0.5923481369180673
231012970008315.8	174755066506366.53	3.0781312580820015e-12	1.7613974344886085e-26	inf
265608778294668.4	inf	3.0772528053010334e-12	0.0	0.005967603838420654
305385550883341.25	132416163347515.4	3.0778457854495035e-12	2.3243731789539535e-26	nan
351119173421512.75	inf	3.0773034814339944e-12	0.0	-1.0995736252447417
403701725859655.0	73696561909646.2	3.077878677414071e-12	4.1764209858088443e-26	-inf
464158883361277.25	43085189814754.586	3.07763128086555e-12	7.143130375188948e-26	inf
533669923120630.2	inf	3.077815617992192e-12	0.0	-11.005851793841197
613590727341316.4	1510334864380.701	3.0777201385071982e-12	2.037773351520419e-24	nan
705480231071863.1	inf	3.0777334057038603e-12	0.0	inf
811130830789688.9	inf	3.0775727626971454e-12	0.0	nan
932603346883218.0	inf	3.0870677336644225e-12	0.0	-inf
1072267222010325.4	349519392491876.44	3.0780961876189163e-12	8.806653518346504e-27	nan
1232846739442063.5	inf	3.083131118302999e-12	0.0	inf
1417474162926807.8	inf	3.07825044089414e-12	0.0	-inf
1629750834620646.8	34888843331000.484	3.0778548334589354e-12	8.821888430804202e-26	-inf
1873817422860386.8	69326308.8797453	3.0776375276072414e-12	4.439350049554446e-20	2.068367350141585
2154434690031886.8	47009501329669.49	3.0776902219417038e-12	6.546953562341356e-26	54.55396279851334
2477076355991714.0	214925283327432.0	3.0778008421689516e-12	1.432032934664098e-26	9.80922647882513
2848035868435805.0	549503764513214.4	3.0780018965391513e-12	5.601420946161929e-27	3.7274056442431225
3274549162877731.5	460131675827263.7	3.078248765467868e-12	6.689930137788345e-27	-3.1346635747137386
3764935806792471.5	173300306026263.53	3.077543414306656e-12	1.7758441891269694e-26	-11.957867230196724
4328761281083061.5	12366065943950.975	3.07825911181802e-12	2.489279230573561e-25	-3.0317968597906413
4977023564332114.0	56246652407344.23	3.0778577986496877e-12	5.472072855748845e-26	13.398813896085814
5722367659350220.0	393657101981037.0	3.076506184225352e-12	7.815192889301795e-27	11.70517761355143
6579332246575682.0	1116076506875096.5	3.0771168547078875e-12	2.7570841566439824e-27	7.332862825988992
7564633275546291.0	2305355084271515.5	3.0755710195624295e-12	1.3340986126370635e-27	5.585968764978624
8697490026177834.0	4013922364095790.5	3.0759900380064293e-12	7.663302273907713e-28	4.569029763357255
1e+16	6242341094613586.0	3.0768728066364547e-12	4.929036654679825e-28	3.8558100103590647
1.1497569953977404e+16	8906924220685081.0	3.0767322065492167e-12	3.454315014159364e-28	3.2846639938561224
1.3219411484660288e+16	1.181072247473024e+16	3.0781329025261922e-12	2.6062189752676394e-28	-1.9534051597918687
1.519911082952927e+16	3906063085718262.5	3.0777583231141876e-12	7.879438338739061e-28	-1.2622206886730987
1.747528400007683e+16	6281565553515197.0	3.073790233304874e-12	4.893350562241231e-28	3.881366034337599
2.009233002565054e+16	8729628098375179.0	3.074116150008607e-12	3.521474357631322e-28	2.90501964428167
2.310129700083158e+16	1.0690040938964376e+16	3.0642658005443364e-12	2.8664677881403834e-28	1.9981082019296417
2.6560877829466948e+16	1.1533963017130426e+16	3.067145790389752e-12	2.6592297771671177e-28	1.0330523093478003
3.0538555088334124e+16	1.0789112185532126e+16	3.073185166319882e-12	2.8484133944226946e-28	-0.11763913690688899
3.5111917342151416e+16	8443201305944616.0	3.0779515719928858e-12	3.645479315796709e-28	-1.642644615650044
4.0370172585965496e+16	5160183544155859.0	3.05253708507049e-12	5.915559124883506e-28	-3.9506397303952383
4.641588833612791e+16	2120457639361125.0	3.0699812526487367e-12	1.4477918330750972e-27	-8.454083648933704
5.3366992312063016e+16	368736064567550.1	3.0592688196995933e-12	8.296635761103196e-27	-21.021227389301167
6.135907273413188e+16	4541401691481.355	3.0470205537409566e-12	6.709427530835864e-25	-2.5245553560551817
7.054802310718631e+16	137878574672303.55	3.089596945784781e-12	2.2408100411016257e-26	20.958714234097446
8.11130830789689e+16	1192416580803707.2	3.050844056861116e-12	2.5585387740958784e-27	7.287527137114594
9.326033468832181e+16	797299123546790.9	3.2562605043792505e-12	4.084113989607504e-27	-4.050472961314316
1.0722672220103253e+17	291238956013513.7	3.0278092825612986e-12	1.03963059200803e-26	-4.3480138935881
1.2328467394420634e+17	179216164437486.1	3.051802134648272e-12	1.7028609803290355e-26	2.9364721926347754
1.4174741629268077e+17	500003872266576.1	3.230264294450245e-12	6.4604785555101374e-27	8.046784537865028
1.62975083462064e+17	1280952070253504.8	2.9422410629323824e-12	2.2969173720528846e-27	5.799554538194024
1.873817422860387e+17	1908699475569293.5	3.04795096954839e-12	1.5968731634084515e-27	3.1495328074080646
2.1544346900318778e+17	2333900360722259.0	2.804739947015067e-12	1.201739369090761e-27	2.6946011016148295
2.477076355991714e+17	3062977089057521.5	2.9827907817783147e-12	9.738207942966102e-28	2.9044343584013537
2.8480358684357933e+17	3971209871924943.0	2.998002172822555e-12	7.54934206327743e-28	2.740036662307836
3.274549162877732e+17	4978027404829373.0	3.6123453077127518e-12	7.256579793450471e-28	6.604976716894965
3.764935806792456e+17	1.8980775680975324e+16	2.0598431335709446e-12	1.0852260035060378e-28	6.626243297897928
4.328761281083062e+17	2.3934599662365044e+16	2.37770116801103e-12	9.934158922865739e-29	2.647873567642976
4.9770235643320934e+17	3.0064653800976084e+16	1.4799033854138017e-12	4.922402882835641e-29	2.621015176090427
5.72236765935022e+17	3.762814905783104e+16	3.1010111551476603e-12	8.241200358757185e-29	2.5987510552871464
6.57933224657571e+17	4.697255828131912e+16	2.503901118202803e-12	5.330561523191721e-29	2.583206125023759
7.564633275546291e+17	5.853513556148327e+16	3.4419362645217102e-12	5.880120087714531e-29	2.572944888779515
8.697490026177798e+17	7.286252216882766e+16	1.2701917137923734e-12	1.7432716792993365e-29	2.568628100255435
1e+18	9.068873998043744e+16	1.85592685906615e-12	2.0464799262471765e-29	2.5721130518400965
1.1497569953977403e+18	1.1299607501270851e+17	7.623777423395672e-13	6.746940035340375e-30	2.5827238728038697
1.3219411484660288e+18	1.410583130844248e+17	2.1526082835017618e-12	1.5260414196314715e-29	2.599373128521753
1.519911082952927e+18	1.765740050461057e+17	1.3315934825371466e-11	7.541276997083749e-29	4.409602566907027
1.747528400007683e+18	3.6532874540592614e+17	5.1701882814077365e-12	1.4152152948334266e-29	4.441506283896338
2.0092330025650542e+18	4.614015452091205e+17	3.9064948137342235e-12	8.466583725816712e-30	2.6776068423633452
2.310129700083158e+18	5.83485582427235e+17	2.9237305895107004e-12	5.010801770539569e-30	2.6888963756421678
2.6560877829466947e+18	7.392541254592122e+17	1.3788525061711046e-12	1.8651941986993777e-30	2.6913298848805103
3.0538555088334126e+18	9.354914280148655e+17	3.4550575783521905e-12	3.693307575980576e-30	2.670812278660347
3.511191734215142e+18	1.178464372098539e+18	1.7110986498598068e-11	1.451973169806385e-29	2.64108709749609
4.0370172585965496e+18	1.4789703264829322e+18	3.958085168064018e-12	2.6762438009669528e-30	2.620143930684181
4.641588833612792e+18	1.8522411984673021e+18	4.308925489978955e-12	2.3263306601454048e-30	2.6076220985669405
5.336699231206302e+18	2.316449011817648e+18	8.819061522857643e-12	3.807146834601634e-30	2.597984520981101
6.135907273413189e+18	2.8932944450606106e+18	1.2423669876366603e-11	4.293952832065229e-30	2.588759067475719
7.054802310718631e+18	3.6091057037817585e+18	8.294799014181085e-10	2.2982976102610345e-28	2.5794004175849894
8.111308307896889e+18	4.4960911593513687e+18	3.867034640677463e-08	8.600881306942502e-27	2.5699292574616104
9.32603346883218e+18	5.593634140811257e+18	1.4036773088021103e-10	2.509419231695643e-29	2.5604200644940587
1.0722672220103254e+19	6.949874049579976e+18	1.7398337662235897e-09	2.5034033045947627e-28	2.550929723001313
1.2328467394420634e+19	8.623539141349603e+18	1.8490994878482468e-09	2.1442466457673646e-28	2.5414683758784227
1.4174741629268077e+19	1.0686157865913483e+19	1.5639641275928529e-10	1.4635420393531317e-29	2.532031197557438
1.62975083462064e+19	1.3224714044555276e+19	5.4564694334707825e-09	4.125964020913749e-28	2.5225975872763087
1.8738174228603867e+19	1.6344772082785303e+19	3.711559421365435e-08	2.2707930111026365e-27	2.5131322528389237
2.1544346900318953e+19	2.017419713042062e+19	1.1019027080312754e-09	5.461940819293964e-29	2.5035994234360706
2.4770763559917138e+19	2.486756973985228e+19	1.2981725662519299e-07	5.2203435230403875e-27	2.493955822277833
2.848035868435793e+19	3.0611302875942048e+19	1.1197096082335586e-08	3.65783061495745e-28	2.4841577285585172
3.2745491628777316e+19	3.762974289924844e+19	1.5867274573936728e-09	4.2166842905146814e-29	2.474158726938467
3.764935806792487e+19	4.619210148535316e+19	2.4303573814419877e-07	5.261413322389367e-27	2.463904687242562
4.328761281083062e+19	5.662057082896288e+19	8.479735036268965e-10	1.4976420958178264e-29	2.4533634318747364
4.9770235643320934e+19	6.929996019593487e+19	5.5970463324404146e-08	8.076550573211926e-28	2.4425146917677036
5.72236765935022e+19	8.468851333848282e+19	2.0242033845971908e-07	2.390174658642147e-27	2.4313493053343302
6.579332246575709e+19	1.033308187713616e+20	1.051539181490268e-08	1.0176433265442245e-28	2.4198650262730297
7.56463327554629e+19	1.2587206607300477e+20	8.78133193045081e-08	6.9763945285189085e-28	2.4081129953510674
8.697490026177798e+19	1.5307710270754115e+20	9.389363975647904e-08	6.133748163228954e-28	2.3962276694227684
1e+20	1.858527871087175e+20	3.9818856389872267e-08	2.142494444626198e-28	2.3902709353895086
