# k    Ps    Pt    r    ns
0.0001	5.945874049900617e-07	1.6549148743680243e-07	0.2783299579639911	0.9136259953912284
0.00010974987654930556	5.898286265486855e-07	1.6479801783272828e-07	0.27939982973872424	0.9559610602344336
0.00012045035402587823	5.897351355881433e-07	1.6412293272743942e-07	0.2782993971755804	0.9437499493743388
0.00013219411484660288	5.836874936163866e-07	1.634044880223234e-07	0.27995201166622347	0.9224883559615282
0.000145082877849594	5.812907819410906e-07	1.6277749921220149e-07	0.2800276630374946	0.9193089818045895
0.00015922827933410923	5.749894836561522e-07	1.6209314902642277e-07	0.2819062846084253	0.9487642662037673
0.0001747528400007683	5.757754914519248e-07	1.6149512254964995e-07	0.2804828009306371	0.9812944404120207
0.00019179102616724886	5.729917134742308e-07	1.609474243856834e-07	0.2808896195196402	0.9479356646093652
0.00021049041445120198	5.702246084527863e-07	1.604066652811159e-07	0.2813043542900645	0.9476341811461328
0.00023101297000831605	5.674358361377463e-07	1.5986141303902894e-07	0.281725972978947	0.947132197072731
0.00025353644939701115	5.646428199423587e-07	1.5931703106707797e-07	0.2821554183286024	0.9465973942612033
0.0002782559402207126	5.618254365330052e-07	1.5876771187325398e-07	0.28259260181062834	0.9285667216437894
0.0003053855508833416	5.571875756850928e-07	1.582087397530105e-07	0.2839416143809096	0.9297696413581077
0.0003351602650938841	5.545314952143754e-07	1.5766735578509114e-07	0.2843253397611596	0.9485347702097413
0.0003678379771828634	5.51877409934261e-07	1.5712698676807836e-07	0.28471356852021745	0.9483137040358205
0.0004037017258596554	5.492240508901522e-07	1.5658758702548368e-07	0.2851069372721299	0.9485086569758072
0.0004430621457583882	5.466151957522841e-07	1.5606114476188716e-07	0.2855045852633252	0.9482987531487286
0.00048626015800653534	5.439658910927309e-07	1.5552494024503107e-07	0.2859093608472566	0.9476378956366278
0.0005336699231206312	5.413154461497881e-07	1.5498977129806817e-07	0.2863206147182077	0.947348816130515
0.0005857020818056667	5.386628534908101e-07	1.5445543564427209e-07	0.2867386058706704	0.9470466188909925
0.0006428073117284319	5.360081072273743e-07	1.539214849771283e-07	0.28716260612796085	0.9467386874905468
0.0007054802310718645	5.33350962207041e-07	1.5338832339615287e-07	0.2875936002091793	0.9464270648269578
0.000774263682681127	5.306916231691965e-07	1.5285608890338793e-07	0.28803184793187125	0.9461470861685539
0.0008497534359086447	5.28033324903754e-07	1.5232572988999317e-07	0.28847749319185106	0.9458225465686393
0.0009326033468832199	5.253687740988145e-07	1.517952536866047e-07	0.288930863748012	0.9256415592340377
0.001023531021899027	5.207779280835587e-07	1.5123278725853024e-07	0.29039784350128023	0.9264520886098219
0.0011233240329780276	5.182281390416976e-07	1.5070440265788318e-07	0.29080706218802455	0.9469038113571547
0.0012328467394420659	5.156582475286911e-07	1.5017050417918995e-07	0.29122098773535954	0.9466700293092322
0.0013530477745798076	5.131112046043022e-07	1.496429399987459e-07	0.2916384180582191	0.9466699193815671
0.001484968262254465	5.10566677508005e-07	1.4911637528657333e-07	0.29206053167117507	0.9464521262104036
0.0016297508346206436	5.080241961852678e-07	1.4859080261225686e-07	0.29248764867504135	0.9462234867382606
0.001788649529057435	5.054833907299665e-07	1.4806623700355239e-07	0.29292008346650233	0.9459861240156827
0.0019630406500402726	5.029440095180216e-07	1.475425262871484e-07	0.2933577565195388	0.9457416933776095
0.0021544346900318843	5.004058525680554e-07	1.4701984191451422e-07	0.2938012038828412	0.9454842053660057
0.002364489412645407	4.978681257208726e-07	1.4649813192894905e-07	0.29425087560452207	0.9452190830978472
0.002595024211399737	4.953311491213624e-07	1.4597699141592354e-07	0.2947058582422349	0.9449500980770346
0.002848035868435802	4.927944931379054e-07	1.4545660274897288e-07	0.29516685915617114	0.9446795528352178
0.0031257158496882354	4.902586900631201e-07	1.4493717293788656e-07	0.29563407212471055	0.9443488747308167
0.003430469286314919	4.877180013577382e-07	1.444171963897975e-07	0.2961079886076798	0.944058182124888
0.0037649358067924714	4.851820772483688e-07	1.4389925098450485e-07	0.29658814233329894	0.9236365147794618
0.0041320124001153384	4.808371327049046e-07	1.4336796856216955e-07	0.2981632632148569	0.9242722826070291
0.004534878508128582	4.783935747215928e-07	1.4285188607548697e-07	0.29860745132001704	0.9451531768822244
0.004977023564332114	4.759550424015617e-07	1.4233679689383045e-07	0.2990551296097865	0.9449819547115546
0.0054622772176843425	4.7352120853446393e-07	1.4182269995638327e-07	0.299506542474245	0.9448024267293872
0.005994842503189409	4.710917755341253e-07	1.4130959192032066e-07	0.29996191667770766	0.9446138050335124
0.006579332246575682	4.686663615940693e-07	1.407974690219664e-07	0.3004215377077067	0.9444166131492275
0.007220809018385471	4.6624472942054527e-07	1.4028630393993203e-07	0.3008855544904102	0.9442132211533489
0.007924828983539177	4.6382671679045564e-07	1.3977610976484512e-07	0.30135415814779853	0.9442438798720263
0.008697490026177835	4.6143272368053e-07	1.392727256402978e-07	0.30182672032753877	0.9440408387462167
0.009545484566618348	4.590223249153364e-07	1.3876466164613367e-07	0.30230482073334425	0.9435924100946543
0.010476157527896652	4.566150285420577e-07	1.382574036299458e-07	0.30278767668114814	0.9433677050684923
0.011497569953977368	4.542108050166641e-07	1.377511761635773e-07	0.30327586803780127	0.9431370224652732
0.012618568830660211	4.518093489580492e-07	1.3724574904580262e-07	0.303769165826947	0.9429023649547051
0.013848863713938732	4.494108062035329e-07	1.3674088731522022e-07	0.3042670212368945	0.9426664440028097
0.015199110829529346	4.470151050486804e-07	1.362368920176885e-07	0.30477022024312167	0.94243136973197
0.016681005372000592	4.446225656621206e-07	1.3573381993032879e-07	0.30527874744323297	0.9421963099412359
0.018307382802953697	4.42233047106032e-07	1.3523165798255944e-07	0.30579274630766257	0.9201154691023901
0.02009233002565048	4.38062608385999e-07	1.3470934910615405e-07	0.3075116353858142	0.9205533614027762
0.022051307399030457	4.35743846645594e-07	1.342092416876104e-07	0.3080003142230659	0.9428733283917011
0.024201282647943835	4.334309183953731e-07	1.3371006092578973e-07	0.30849220775667	0.9427122600318174
0.026560877829466867	4.311237524156426e-07	1.3321180701379555e-07	0.30898739924996577	0.9425466489377025
0.02915053062825179	4.2882213333593227e-07	1.3271447550856515e-07	0.3094860670463546	0.9423762867971031
0.03199267137797385	4.2652597946015655e-07	1.3221806695701936e-07	0.30998830862393073	0.9422020792067751
0.03511191734215135	4.242351547466161e-07	1.3172257856893236e-07	0.31049425559182287	0.9420235693838612
0.03853528593710531	4.219495468897759e-07	1.312280091882287e-07	0.31100402916775455	0.941841799299138
0.04229242874389499	4.1966910761895513e-07	1.307343558552546e-07	0.31151770164116255	0.9416566661747995
0.04641588833612782	4.1739372146655025e-07	1.3024156327370497e-07	0.31203527167607975	0.9414690937596324
0.0509413801481638	4.1512341576609485e-07	1.2974966809307076e-07	0.31255685216798135	0.9412793679191922
0.055908101825122285	4.128581008124738e-07	1.2925867907930664e-07	0.31308257928071476	0.9410867360053697
0.061359072734131756	4.1059774832498613e-07	1.2876859837212246e-07	0.31361252928791694	0.9408927378073048
0.06734150657750829	4.0834238968937693e-07	1.2827942609487414e-07	0.31414672915162045	0.940697949020014
0.07390722033525783	4.0609204161185584e-07	1.2779106410245258e-07	0.3146849753450616	0.9405029337027284
0.08111308307896872	4.03846777968191e-07	1.2730369546174044e-07	0.3152277111191104	0.9403072255746857
0.08902150854450393	4.0160658017423837e-07	1.2681723893318489e-07	0.31577480348595083	0.9401080308825308
0.09770099572992257	3.993713139993354e-07	1.2633167484944488e-07	0.31632636201220776	0.9399115976122052
0.10722672220103242	3.97141426543327e-07	1.2584679996231917e-07	0.3168815730397988	0.9397132176371146
0.1176811952434999	3.949164351188142e-07	1.2536274176785593e-07	0.31744118658961207	0.9157815511002311
0.1291549665014884	3.909666024651356e-07	1.2485973105115346e-07	0.319361629008421	0.9159564186981286
0.14174741629268062	3.8878885547957815e-07	1.2437761216688267e-07	0.31991043573885525	0.9398846152831878
0.15556761439304723	3.86617805502403e-07	1.2389642632329995e-07	0.32046228745802	0.9397318286529883
0.1707352647470692	3.844533523817939e-07	1.234161581904566e-07	0.32101725066476766	0.9395768100431887
0.1873817422860385	3.822954853846709e-07	1.2293680797857616e-07	0.3215753590573414	0.9394156245761189
0.20565123083486536	3.8014382926840895e-07	1.2245837326899053e-07	0.322136948808726	0.9392478349501501
0.22570197196339215	3.7799834947781866e-07	1.2198085335069063e-07	0.3227020793059008	0.9390815346941
0.24770763559917114	3.7585924831520595e-07	1.215042483199117e-07	0.32327060958206055	0.9389159390667281
0.2718588242732943	3.7372643469172446e-07	1.2102855493348549e-07	0.32384263915748496	0.9387486473825724
0.298364724028334	3.715999412179991e-07	1.2055377533559875e-07	0.32441817654883826	0.9385800373875128
0.3274549162877732	3.694797052277572e-07	1.2007990604118058e-07	0.32499729847721975	0.9384097904765891
0.3593813663804629	3.6736573815080944e-07	1.1960694810439736e-07	0.3255800301532116	0.9382387171122959
0.394420605943766	3.652580344495578e-07	1.1913490009173552e-07	0.326166405268186	0.9380376343417781
0.43287612810830617	3.631546338635907e-07	1.1866332659658489e-07	0.32675702175166954	0.9378634873640631
0.4750810162102798	3.6105939108787707e-07	1.1819307470983244e-07	0.327350783907642	0.9377172972160326
0.521400828799969	3.589704045342977e-07	1.1772373245224535e-07	0.3279482959186332	0.937543021127343
0.572236765935022	3.568877298981135e-07	1.1725530195169691e-07	0.328549546898605	0.9373684288851787
0.6280291441834259	3.548113528179989e-07	1.1678778009361594e-07	0.3291545751455209	0.9371931444418231
0.6892612104349702	3.527413034179569e-07	1.1632116739677376e-07	0.32976338826685936	0.9370179405003504
0.7564633275546291	3.5067761810546286e-07	1.1585545645996585e-07	0.33037596492720406	0.9368421643544438
0.8302175681319752	3.486202836055332e-07	1.153906478455259e-07	0.3309923526311263	0.9366663061795224
0.9111627561154896	3.4656936754514987e-07	1.1492674806915978e-07	0.3316125394555753	0.9364902529888649
1.0	3.4452484903220486e-07	1.1446375367967809e-07	0.3322365687154788	0.9364018377935269
