# k    Ps    Pt    r    ns
0.0001	2.4349239059083664e-09	3.7039092301339856e-10	0.1521160156646544	0.9936461559460923
0.00010974987654930556	2.4334849944323227e-09	3.6976503881058194e-10	0.15194876469613894	0.9999157169930144
0.00012045035402587823	2.4348857209350954e-09	3.691285303905392e-10	0.15159994048869727	1.0120899575471523
0.00013219411484660288	2.4389653975444892e-09	3.685089250136823e-10	0.15109231372642315	1.0457464523430045
0.000145082877849594	2.4556997490325763e-09	3.6788647851325503e-10	0.14980922592763388	1.0592447959934133
0.00015922827933410923	2.466000141227802e-09	3.6727740472620117e-10	0.14893648973731877	1.048309665485057
0.0001747528400007683	2.4778731926050087e-09	3.6665687759862883e-10	0.14797241388013058	1.054763433981064
0.00019179102616724886	2.4912563869457896e-09	3.6605342687443666e-10	0.1469352688035485	1.0813666706750464
0.00021049041445120198	2.5156728439757746e-09	3.654450841116823e-10	0.14526733274829653	1.0883748808506553
0.00023101297000831605	2.5325605039899424e-09	3.648508243962269e-10	0.14406401103603242	1.0717225219396471
0.00025353644939701115	2.549470088760635e-09	3.6425597081153054e-10	0.14287516939985165	1.0706896348118282
0.0002782559402207126	2.5660914129306596e-09	3.636520354113049e-10	0.1417143729092598	1.0884664898452383
0.0003053855508833416	2.5917835453799335e-09	3.630529374720356e-10	0.14007841747402372	1.0882327120346433
0.0003351602650938841	2.6085672619284806e-09	3.624680449558966e-10	0.13895292264303302	1.0655788885262736
0.0003678379771828634	2.6236024780341182e-09	3.618807035777888e-10	0.1379327495714779	1.0574658141399065
0.0004037017258596554	2.6366090694778818e-09	3.612815819602112e-10	0.1370250850391539	1.0676813133093617
0.0004430621457583882	2.656851184906078e-09	3.606843488443929e-10	0.13575632346045133	1.0611731031494636
0.00048626015800653534	2.6667912574375217e-09	3.6010149091528077e-10	0.13503175020203745	1.0336613833029407
0.0005336699231206312	2.6735440327776566e-09	3.59514120938087e-10	0.13447099300794862	1.0203856228277959
0.0005857020818056667	2.676925876060945e-09	3.589121213980681e-10	0.13407622699146296	1.0250645940614072
0.0006428073117284319	2.6860417761339237e-09	3.583143394353391e-10	0.13339864726566852	1.0145661352572384
0.0007054802310718645	2.6841909464913955e-09	3.577201920059593e-10	0.1332692789510927	0.9845984005936631
0.000774263682681127	2.6783553062645916e-09	3.571255557883298e-10	0.13333763259602785	0.9686066186584955
0.0008497534359086447	2.6685575197881767e-09	3.565135465647312e-10	0.13359784974506764	0.9528346211282762
0.0009326033468832199	2.6549530506008044e-09	3.5591106018633865e-10	0.13405550056932175	0.9584989752987807
0.001023531021899027	2.6480302996717827e-09	3.5529660634022623e-10	0.1341739202849244	0.9463526584285705
0.0011233240329780276	2.628583072674855e-09	3.5468940633426423e-10	0.13493558945174636	0.9129715623991884
0.0012328467394420659	2.605495630181029e-09	3.540752179288934e-10	0.13589553320582326	0.897778727616373
0.0013530477745798076	2.579059739839401e-09	3.5344526625411376e-10	0.13704423390988335	0.9041181786700138
0.001484968262254465	2.5594245015171092e-09	3.528125006812639e-10	0.1378483719571071	0.8945272123563281
0.0016297508346206436	2.5289389680098584e-09	3.521905321531355e-10	0.13926414856515532	0.8650488723645331
0.001788649529057435	2.4959574736880396e-09	3.5156131558870846e-10	0.14085228586416565	0.8535095188645327
0.0019630406500402726	2.460938348126394e-09	3.5091494451710735e-10	0.14259396005766348	0.8629748478848109
0.0021544346900318843	2.43312511711495e-09	3.502704608270012e-10	0.14395908305871685	0.8586936165579346
0.002364489412645407	2.3970772831495022e-09	3.496284012187166e-10	0.14585612390408306	0.8364470658411941
0.002595024211399737	2.3601958546217853e-09	3.4898685568741935e-10	0.1478635152265122	0.8312681506364549
0.002848035868435802	2.3229889248219698e-09	3.4833989892532915e-10	0.14995331884848542	0.8286552397634335
0.0031257158496882354	2.2861356811712806e-09	3.476794518426671e-10	0.15208172231690847	0.8494625052264011
0.003430469286314919	2.258824518736616e-09	3.470184832300679e-10	0.15362790706033194	0.854406359799425
0.0037649358067924714	2.2250350640977584e-09	3.4637103542451795e-10	0.1556699222468073	0.8400249473919483
0.0041320124001153384	2.1925788283519914e-09	3.457198325514762e-10	0.15767726481758	0.8455958904932538
0.004534878508128582	2.1620202613108657e-09	3.450554193606698e-10	0.1595986057741464	0.8728399042812223
0.004977023564332114	2.141310531306637e-09	3.4439687066701873e-10	0.16083462236412124	0.8863703288530201
0.0054622772176843425	2.1167889705123874e-09	3.4374525764177296e-10	0.16238995120924427	0.8819375755765376
0.005994842503189409	2.0947840333195954e-09	3.4309886484851825e-10	0.16378722550448838	0.894558112507048
0.006579332246575682	2.075663781821329e-09	3.4245187320377205e-10	0.16498426970830574	0.9089323182349374
0.007220809018385471	2.0595875145120066e-09	3.4179628875445523e-10	0.16595375838420712	0.9450983240938585
0.007924828983539177	2.054567946379987e-09	3.4114503861441906e-10	0.16604222762040752	0.964575980840717
0.008697490026177835	2.046056882643054e-09	3.4051182912869357e-10	0.16642344209356852	0.9633675594659223
0.009545484566618348	2.0406114121581745e-09	3.3987928713472433e-10	0.16655757441602467	0.9792172891092478
0.010476157527896652	2.038160086154746e-09	3.392378511593517e-10	0.16644318248787218	1.0131156560398697
0.011497569953977368	2.0455973957410522e-09	3.3860633556514545e-10	0.16552931494248388	1.0319135449431778
0.012618568830660211	2.0502988341629376e-09	3.3798451428905776e-10	0.16484646465062472	1.0307250902295562
0.013848863713938732	2.0573254460257683e-09	3.3737042025605976e-10	0.16398495479058695	1.04199774463876
0.015199110829529346	2.0663834835271943e-09	3.3675787462030283e-10	0.16296968946222753	1.0520660134513544
0.016681005372000592	2.077353243020532e-09	3.361387555878289e-10	0.16181107219832935	1.0808276167347668
0.018307382802953697	2.0976954996307397e-09	3.3552541824529246e-10	0.1599495342886303	1.0910310321951224
0.02009233002565048	2.112838954209886e-09	3.3492886042413907e-10	0.15852077119119026	1.0784265946624583
0.022051307399030457	2.128530850197656e-09	3.3433256635281364e-10	0.15707198527179786	1.079722686007667
0.024201282647943835	2.1444139934748772e-09	3.337268873685271e-10	0.15562614699587246	1.0972214313791904
0.026560877829466867	2.167385813331352e-09	3.331293007101663e-10	0.15370096946336206	1.098667437514683
0.02915053062825179	2.184146469054712e-09	3.32539078539328e-10	0.1522512721792185	1.0795045534165348
0.03199267137797385	2.1996867395016905e-09	3.319528239759145e-10	0.15090913538493847	1.0720114939863927
0.03511191734215135	2.213608783823113e-09	3.313648873766091e-10	0.14969442197654745	1.0629564912994554
0.03853528593710531	2.225605725877929e-09	3.307673452798332e-10	0.1486190215247385	1.0728032267224923
0.04229242874389499	2.2437990431709393e-09	3.301717819448031e-10	0.14714855278581632	1.064409591984624
0.04641588833612782	2.2524390369845594e-09	3.295873222434997e-10	0.14632463601977566	1.0339568674550335
0.0509413801481638	2.2580208500203055e-09	3.2899876750746054e-10	0.14570227175028166	1.0188377601849863
0.055908101825122285	2.260347901472363e-09	3.283966955669419e-10	0.14528590725039642	1.0215921854864087
0.061359072734131756	2.267110930636869e-09	3.277977448666903e-10	0.14458831300972402	1.008826625862354
0.06734150657750829	2.264063229538898e-09	3.272013018636832e-10	0.14451950705030506	0.9765334989187674
0.07390722033525783	2.2572335043931545e-09	3.266042333432176e-10	0.14469226719679737	0.9584909245804745
0.08111308307896872	2.246644116496874e-09	3.2600129525636384e-10	0.14510589054250747	0.9572584178348343
0.08902150854450393	2.239353328971911e-09	3.253767716184604e-10	0.14529943417541935	0.9434355296996877
0.09770099572992257	2.223122614017511e-09	3.247650712273899e-10	0.14608509183417978	0.9128932654192652
0.10722672220103242	2.2033510388998352e-09	3.241541961058956e-10	0.1471187252430509	0.8954194692401
0.1176811952434999	2.180280971296548e-09	3.235362931009221e-10	0.14839201798313395	0.8789585311887458
0.1291549665014884	2.1542820651377398e-09	3.229017910407404e-10	0.1498883531855866	0.8820918897447485
0.14174741629268062	2.132968964455239e-09	3.222677488916135e-10	0.15108881294666227	0.8717136946319269
0.15556761439304723	2.1034684177085682e-09	3.21634647921265e-10	0.15290681106191295	0.8440532391834958
0.1707352647470692	2.0719667315077752e-09	3.210014734603113e-10	0.15492597857819743	0.8324479264363401
0.1873817422860385	2.038902386648733e-09	3.2036205984496003e-10	0.15712476572825396	0.8391250228209298
0.20565123083486536	2.010864373267961e-09	3.196980428284736e-10	0.1589853831409403	0.8360796996354838
0.22570197196339215	1.977654170044591e-09	3.190550923200181e-10	0.16133007335292815	0.8187959363883044
0.24770763559917114	1.944195918713986e-09	3.1840521545968275e-10	0.16377218591750572	0.8155907335924265
0.2718588242732943	1.9109467728026453e-09	3.1775624248289557e-10	0.16628210005915856	0.8153780776310589
0.298364724028334	1.8785427549477304e-09	3.1710345137296476e-10	0.16880289284754021	0.8346595757717326
0.3274549162877732	1.8530526038123188e-09	3.1642978399908746e-10	0.17076136065867245	0.8436281612177878
0.3593813663804629	1.8246727056605366e-09	3.1577883794331815e-10	0.17306053680953448	0.8383296160202941
0.394420605943766	1.7981398862547188e-09	3.1512421372413584e-10	0.17525011047972291	0.8479686195831345
0.43287612810830617	1.7737794195125168e-09	3.144731308194333e-10	0.17728987458083098	0.8602965941344104
0.4750810162102798	1.7520008419195514e-09	3.1382147155612887e-10	0.17912175841896025	0.8916479841223927
0.521400828799969	1.7383767032591362e-09	3.1315325254855727e-10	0.18014119262036393	0.9118577094070793
0.572236765935022	1.723501640765102e-09	3.125097366951026e-10	0.18132256407738165	0.9163718595120391
0.6280291441834259	1.711536099476997e-09	3.118657818313302e-10	0.18221396669730114	0.9345878630802993
0.6892612104349702	1.702651917963048e-09	3.1122772437400984e-10	0.1827899884236728	0.9536459183241636
0.7564633275546291	1.6968376007080773e-09	3.1059168835763506e-10	0.18304149332147493	0.9893353932008069
0.8302175681319752	1.6992766335110546e-09	3.099427834470772e-10	0.18239689602903073	1.0120351445456128
0.9111627561154896	1.7006416700973848e-09	3.0931472754832333e-10	0.1818811881344827	1.016906880927703
1.0	1.7046306702384286e-09	3.086956598862989e-10	0.18109240041018462	1.0251826778470143
