# k    Ps    Pt    r    ns
0.0001	8.825073297010832e-10	3.1618655145141783e-12	0.003582820683863491	0.9581622877633591
0.0001747528400007683	8.621361294963699e-10	3.1613081317002725e-12	0.00366683174911948	0.9558225355521163
0.0003053855508833416	8.400380235030901e-10	3.1603038647663347e-12	0.0037620962103445898	0.9535707459987234
0.0005336699231206312	8.185867147328721e-10	3.159295705879915e-12	0.0038594514777959502	0.9547604440187335
0.0009326033468832199	7.986649292812062e-10	3.1586730276108284e-12	0.00395494144265683	0.953531163115349
0.0016297508346206436	7.772027825930779e-10	3.1575991042601046e-12	0.004062773802385287	0.9535729696432527
0.002848035868435802	7.583235422562227e-10	3.157173594715846e-12	0.004163359593614065	0.9523759704671466
0.004977023564332114	7.369599863822516e-10	3.1560547064204797e-12	0.004282531975601013	0.948751109456619
0.008697490026177835	7.161542803728967e-10	3.1548392652607725e-12	0.00440525086803652	0.9508923113402128
0.01519911082952933	6.9764441176495e-10	3.15416200097849e-12	0.004521159988938876	0.9495751747592469
0.026560877829466867	6.769524928952034e-10	3.1529577242276946e-12	0.004657576059352503	0.9459508822539524
0.04641588833612782	6.567929568685833e-10	3.1516537000738117e-12	0.004798549782111049	0.9479779712743758
0.08111308307896872	6.387565845967319e-10	3.1508779177074174e-12	0.004932830429758576	0.9465465643192369
0.14174741629268048	6.187449532617169e-10	3.1495772465529607e-12	0.0050902673709901786	0.9428030227315597
0.24770763559917114	5.992437626768336e-10	3.1481715136103207e-12	0.005253574104046368	0.9424602789703383
0.43287612810830617	5.802479611316103e-10	3.146940891104088e-12	0.005423441531732168	0.9431505654115477
0.7564633275546291	5.623933284251341e-10	3.145865879873799e-12	0.005593711235307758	0.9414969557319123
1.3219411484660286	5.435612775906342e-10	3.14434260185182e-12	0.005784706769012861	0.9387260200591999
2.310129700083158	5.252082794527194e-10	3.1429753881834008e-12	0.005984245700502784	0.9393099579354932
4.037017258596558	5.07952422405758e-10	3.1417633339794257e-12	0.0061851527729692565	0.9374319633874819
7.054802310718645	4.897737963576105e-10	3.140006688915457e-12	0.006411136553787306	0.9344099197686883
12.32846739442066	4.720867211555398e-10	3.1384014666254563e-12	0.006647934216288702	0.9349499889591394
21.544346900318867	4.554661927130334e-10	3.136973278550816e-12	0.006887389950646166	0.9328942800988049
37.649358067924716	4.38011666508708e-10	3.13526379197258e-12	0.007157945853276145	0.9295221535270287
65.79332246575683	4.2100288276666055e-10	3.133473267945205e-12	0.007442878412977334	0.9299070701676998
114.97569953977356	4.050430898007162e-10	3.1318335524890026e-12	0.007732099698404643	0.9276017977148547
200.92330025650458	3.883138769371149e-10	3.1299227143031087e-12	0.008060290657111852	0.9237800989045647
351.11917342151344	3.7200272720634334e-10	3.1278745010589615e-12	0.008408203145575287	0.9236926429733983
613.5907273413176	3.566033383406191e-10	3.1260222575804872e-12	0.008766104860730676	0.9173720717646023
1072.2672220103232	3.3922206842557633e-10	3.1238460011015287e-12	0.009208852524248095	0.8985082926039691
1873.8174228603868	3.184031121218709e-10	3.121523675066905e-12	0.009803684562832166	0.8586364173650969
3274.5491628777318	2.89697120922527e-10	3.1193308405836876e-12	0.010767558996272809	0.7331767050830231
5722.3676593502205	2.3637875107205873e-10	3.116845453640941e-12	0.013185810651359217	0.2745847200295871
10000.0	1.2889250960856745e-10	3.1141785256127695e-12	0.024161051212907493	-6.659860976190957
17475.28400007683	4.568108864671613e-14	3.1115526622789448e-12	68.11467840319573	2.8487254919072322
30538.555088334124	1.0152650437123156e-09	3.108658267071427e-12	0.0030619179556351326	12.437288225413425
53366.99231206302	1.603571437564736e-08	3.1055479967823485e-12	0.0001936644619648869	5.56122489037293
93260.33468832218	1.6522752997074858e-07	3.1022058966460395e-12	1.877535721314266e-05	5.088004137994177
162975.08346206468	1.5386892671661835e-06	3.0989331562358422e-12	2.01400843065811e-06	4.958863583211841
284803.5868435805	1.3725602601425144e-05	3.095227343101421e-12	2.2550757391009124e-07	4.913983151412316
497702.35643321136	0.00012157372542710731	3.0912583135758047e-12	2.542702629795818e-08	4.905394621610913
869749.0026177834	0.0010741281182797913	3.0872922398389153e-12	2.8742309109114397e-09	4.874657372905176
1519911.0829529332	0.009193089361545262	3.083213294015717e-12	3.353838054607424e-10	4.778301330585267
2656087.782946684	0.07293899264816298	3.0796217182702196e-12	4.222188443327483e-11	4.51962523373461
4641588.833612791	0.4676774645091552	3.077542473447256e-12	6.580480581157039e-12	3.8481071617613667
8111308.307896889	1.753316028615496	3.0776611582773814e-12	1.7553373767464232e-12	2.648080306466263
14174741.629268076	2.944527963110542	3.0778276146629483e-12	1.0452702956882744e-12	1.3449303025706447
24770763.55991714	2.5769093285180698	3.077778791724241e-12	1.1943682913726e-12	0.5190920981799532
43287612.810830615	1.7212668925563688	3.0777112167755513e-12	1.7880499706844627e-12	0.22269646115355735
75646332.7554629	1.0819936066641154	3.0777987163483267e-12	2.844562756555891e-12	0.1679543584717501
132194114.84660287	0.679879813868453	3.0777478199067568e-12	4.526899838950443e-12	0.17381618368724938
231012970.0083158	0.4301805030120122	3.077663168118885e-12	7.154352990360759e-12	0.23100396651975985
403701725.85965496	0.2881280799492667	3.0775187713419465e-12	1.06810789558721e-11	0.23089225503760957
705480231.071866	0.18228460782267494	3.0777740815952803e-12	1.688444306054253e-11	0.17568144369729166
1232846739.4420683	0.11479315230591308	3.0776431857131417e-12	2.681033775874983e-11	0.1641055550444953
2154434690.0318866	0.07169152903275647	3.0775229037152628e-12	4.2927287857246235e-11	0.13259077766516247
3764935806.7924714	0.04358669453906105	3.0777703884291136e-12	7.061261288512968e-11	0.13459967601229772
6579332246.575683	0.02728222631504966	3.0777900304379043e-12	1.1281300854615765e-10	0.18944750910191543
11497569953.977356	0.017634322857816898	3.0777093359073985e-12	1.7452948779051752e-10	0.2409470486885753
20092330025.65046	0.011691066581427025	3.078042035502004e-12	2.6328154185623453e-10	0.2569864518155479
35111917342.15142	0.00769324910076642	3.077833006420593e-12	4.0006932911011187e-10	0.2487680842603467
61359072734.13188	0.0050538282387042254	3.0778681343452974e-12	6.090171626280767e-10	0.26105903156326715
107226722201.03253	0.0033715948811482285	3.078117523882897e-12	9.12955925130191e-10	0.2636448274666644
187381742286.0387	0.002221262005131389	3.0778889670571623e-12	1.3856487708099537e-09	0.2556775109654925
327454916287.7732	0.0014687631054928624	3.0777904137341965e-12	2.095498179538901e-09	0.2576469788042086
572236765935.022	0.0009697751480636989	3.078005899117286e-12	3.1739376960349883e-09	0.24885998853563474
1000000000000.0	0.0006349838186862926	3.0776822618315552e-12	4.84686722915069e-09	0.2435230465013366
1747528400007.6829	0.00041676798069756733	3.077767649014388e-12	7.3848467050250846e-09	0.24100048569480936
3053855508833.4126	0.00027212152352730187	3.077821500217755e-12	1.1310466957270869e-08	0.23344962948364045
5336699231206.302	0.00017710611645636466	3.0776979361427264e-12	1.7377705511943786e-08	0.22418773798912772
9326033468832.18	0.00011444886603423034	3.0780525480618072e-12	2.6894565710604742e-08	0.21317645227268922
16297508346206.4	7.357721668260537e-05	3.0778623452665015e-12	4.1831731126004235e-08	0.20162968402446035
28480358684357.934	4.693781360123063e-05	3.0776916669666615e-12	6.556955748117696e-08	0.1832727234585415
49770235643321.34	2.956339952287443e-05	3.078131907512321e-12	1.041196870857373e-07	0.16233978722802234
86974900261778.7	1.8424027406548997e-05	3.0779031457192037e-12	1.6705919274876532e-07	0.13733853617462188
151991108295293.94	1.1284810454707879e-05	3.0778022133112616e-12	2.7273849442701465e-07	0.10566156342186472
265608778294669.47	6.788376714485497e-06	3.0780319430646826e-12	4.5342680180028456e-07	0.06790401897611853
464158883361279.1	3.98629050080921e-06	3.0776312808656423e-12	7.7205393842744e-07	0.016658433469556977
811130830789688.9	2.2646144099928018e-06	3.0778706110771904e-12	1.35911464552015e-06	-0.04578552811487424
1417474162926807.8	1.2402847845443706e-06	3.077916697985048e-12	2.481620944109016e-06	-0.12319897801491098
2477076355991714.0	6.462684336889156e-07	3.0778063951385684e-12	4.762427243383026e-06	-0.230567515430667
4328761281083061.5	3.1396600040687137e-07	3.0782580249745997e-12	9.804431119883865e-06	-0.3784605978473601
7564633275546291.0	1.386974292393389e-07	3.075584960876545e-12	2.217477986249664e-05	-0.6115309796911288
1.3219411484660288e+16	5.194386567345777e-08	3.0782180774643785e-12	5.9260473543024805e-05	-1.0694341099793632
2.310129700083158e+16	1.3762787957296112e-08	3.0643238204031415e-12	0.00022265283966528318	-2.328921956120905
4.0370172585965496e+16	1.2633145561117034e-09	3.052674223858237e-12	0.00241640073653067	-3.2528549068444432
7.054802310718631e+16	1.1932080121698935e-10	3.090367483432074e-12	0.025899654141712684	-1.136756927249707
1.2328467394420634e+17	1.1628083494151519e-10	3.052446852103983e-12	0.02625064443026443	0.7254371516731151
2.1544346900318954e+17	8.782027240788452e-11	2.8023130992034055e-12	0.031909637972744584	0.6249088429257026
3.7649358067924864e+17	7.649723931615709e-11	2.051114713340774e-12	0.02681292464508004	0.7491972957833535
6.57933224657571e+17	6.637330886266295e-11	2.498412427054885e-12	0.037641824249330436	0.7243478330527087
1.1497569953977403e+18	5.623364395717648e-11	7.398972152136724e-13	0.013157554146359877	0.6448478067747043
2.0092330025650542e+18	4.464763570697573e-11	3.9037782700354316e-12	0.0874352741913612	0.31810035682320537
3.511191734215142e+18	2.626504916110835e-11	1.7489495103466225e-11	0.6658847275018079	0.6215452536585452
6.135907273413189e+18	2.9262084200402396e-11	1.2308964175744575e-11	0.42064550465531464	1.9810647016565677
1.0722672220103254e+19	7.853187238114592e-11	1.767616281531555e-09	22.508266108219363	2.4913585158448917
1.8738174228603867e+19	1.5466362053979233e-10	3.6564322036316557e-08	236.41191062709655	3.487077471784952
3.2745491628777316e+19	1.261541948214247e-09	1.5799928653375632e-09	1.2524299073638363	4.216377773096012
5.72236765935022e+19	5.608465625364846e-09	2.047539712793632e-07	36.508019297353435	3.375205537884982
1e+20	1.788613491470254e-08	4.1243313372557494e-08	2.3058818223860746	3.077648814594707
