# k    Ps    Pt    r    ns
0.001	1.6180086731776215e-09	3.22941873582598e-12	0.001995921770606888	0.9507548201039981
0.0016681005372000592	1.5777473956412963e-09	3.2287495590375032e-12	0.0020464299722232375	0.9527375238892122
0.0027825594022071257	1.5416127741980896e-09	3.2283864869855806e-12	0.002094161738290545	0.9549687055314254
0.004641588833612777	1.5066888116799085e-09	3.2281107115212136e-12	0.002142519866409558	0.9521028188377839
0.007742636826811269	1.4678702356092141e-09	3.227402129280223e-12	0.0021986971674922925	0.9511555455778959
0.01291549665014884	1.4332267882268833e-09	3.2270086911966536e-12	0.0022515687801153562	0.9535571911215224
0.021544346900318832	1.3997369135635237e-09	3.2267035716599602e-12	0.002305221460113707	0.9504944292547625
0.03593813663804626	1.3624244881627025e-09	3.2259496378175386e-12	0.0023678006860900548	0.9495150074572537
0.05994842503189409	1.3292560370382012e-09	3.22552118230734e-12	0.002426561243606857	0.9520527887210734
0.1	1.2971869452700371e-09	3.2251564937306955e-12	0.002486269620189024	0.9487474434428899
0.1668100537200059	1.2613329103939638e-09	3.2242420479464962e-12	0.002556218125585448	0.9477437716475788
0.2782559402207123	1.2296388581270925e-09	3.223911420683508e-12	0.00262183599629729	0.9479399689087251
0.46415888336127775	1.1958919315332481e-09	3.2231378596663025e-12	0.002695174852073741	0.9468661453498092
0.774263682681127	1.1645617790437718e-09	3.2225558025509684e-12	0.0027671832104922997	0.9484034123509718
1.2915496650148828	1.1343840697733985e-09	3.2221611221677266e-12	0.0028404499040711817	0.946017343555077
2.154434690031882	1.1019711906336973e-09	3.221158853091877e-12	0.002923088081131707	0.9448508820141283
3.593813663804626	1.072134817572748e-09	3.2206077613080867e-12	0.003003920503765897	0.9465436367841403
5.994842503189409	1.0433063652626278e-09	3.2200146827657004e-12	0.0030863558298670378	0.9439179050242419
10.0	1.0123344690100966e-09	3.2191937527690544e-12	0.0031799705051206227	0.9427879094400379
16.68100537200059	9.839754460020646e-10	3.2185820864968046e-12	0.0032709983766099496	0.9445694569736187
27.825594022071257	9.565071648240423e-10	3.217931920752555e-12	0.0033642528138767484	0.9416280292548442
46.41588833612773	9.269176739616269e-10	3.217015094540586e-12	0.003470658921402513	0.9405341178853435
77.42636826811261	9.00034063741477e-10	3.216365842465246e-12	0.0035736045690256285	0.9425309030844103
129.15496650148827	8.739756689857102e-10	3.215623983015049e-12	0.0036793060689514754	0.939220051813338
215.44346900318823	8.457570687469394e-10	3.2146669599687267e-12	0.0038009341911046956	0.9380268138979653
359.38136638046257	8.202678766051593e-10	3.2139313657392944e-12	0.003918148518799474	0.9401868368682091
599.4842503189409	7.955399765701699e-10	3.213089771466409e-12	0.004038879083511401	0.9365787552856614
1000.0	7.687205376702952e-10	3.2120835292898017e-12	0.004178480178277046	0.9353735712272476
1668.1005372000557	7.446276367686918e-10	3.2112445811781803e-12	0.004312550894717475	0.9351299906916706
2782.55940220712	7.193452312552944e-10	3.2101273396804883e-12	0.0044625684583724165	0.9337296788715772
4641.588833612773	6.958020034811311e-10	3.2092282732854124e-12	0.004612272251631194	0.935012382087959
7742.636826811262	6.730603130172719e-10	3.2082683434401915e-12	0.004766687741634622	0.9320818252684935
12915.496650148827	6.49082379329058e-10	3.2070695642461316e-12	0.0049409284035120595	0.9306339367344871
21544.346900318822	6.269380398151284e-10	3.2060562501023034e-12	0.005113832701948834	0.9321243100717255
35938.13663804626	6.055260705704506e-10	3.2049737300530157e-12	0.005292874883213026	0.9287519784103105
59948.42503189409	5.828527291135339e-10	3.203635106799747e-12	0.005496474403872458	0.9272415672610621
100000.0	5.620769359164246e-10	3.2025161472584772e-12	0.005697647319467064	0.928944566730314
166810.05372000558	5.419742359067656e-10	3.2012668738445143e-12	0.005906677221452312	0.9250977316493273
278255.94022071257	5.206020428017795e-10	3.1998301959319054e-12	0.006146403457641154	0.9235094450977333
464158.8833612772	5.011674304456098e-10	3.198536284371877e-12	0.0063821710870714775	0.9228382651588263
774263.6826811278	4.810738646040446e-10	3.196946852073119e-12	0.006645438647357026	0.9210420221335736
1291549.6650148828	4.622643534044439e-10	3.1955442988864222e-12	0.006912807088308147	0.9218522545696696
2154434.6900318777	4.4409862879072553e-10	3.1940615062281246e-12	0.007192234560429764	0.9182166927090287
3593813.6638046256	4.2515008319884223e-10	3.1922642335013794e-12	0.007508558411849965	0.9157996728631124
5994842.503189396	4.0743380951983765e-10	3.1906855302408094e-12	0.007831175164380798	0.9154325593161513
10000000.0	3.89903145844599e-10	3.1889513098738066e-12	0.008178829393556124	0.9070965230818594
16681005.372000556	3.704815887881416e-10	3.1868473654380454e-12	0.008601904823023287	0.8933715269751077
27825594.022071257	3.4959588075355617e-10	3.1850892689654728e-12	0.009110774595226901	0.858989316171651
46415888.33612773	3.2069723490662044e-10	3.1829740597880803e-12	0.009925168393531327	0.7601177531462449
77426368.26811247	2.7349662713547004e-10	3.1813421297756746e-12	0.011632107361235839	0.45487396500837374
129154966.50148827	1.8357645439940502e-10	3.180262537946853e-12	0.017323913071267818	-0.9358089226945123
215443469.00318778	3.772180395185873e-11	3.1805504557484554e-12	0.0843159690826964	1.0036595741005594
359381366.3804626	1.8426525606095329e-10	3.1862535623908672e-12	0.017291667623639713	5.647717525067534
599484250.3189397	4.387778411110528e-09	3.2063482434722854e-12	0.0007307452526210804	6.348730325787393
1000000000.0	4.3919454074860544e-08	3.2684033014125183e-12	7.441812222532496e-05	5.294883137517557
1668100537.2000558	3.5569817504752817e-07	3.462219819718186e-12	9.73358893183966e-06	5.00482908310764
2782559402.2071147	2.645945960161105e-06	4.112532891255195e-12	1.554276978130269e-06	4.808094970851913
4641588833.612773	1.7521379277480716e-05	6.5038642211906755e-12	3.7119590405475333e-07	4.4829578006953685
7742636826.811246	9.344632251272487e-05	1.47554008384263e-11	1.5790242399765934e-07	3.901666901076444
12915496650.148827	0.0003413485202460632	3.3697992709614597e-11	9.872019566782709e-08	3.0407524603505163
21544346900.31878	0.0007543333490991705	5.0740485699698334e-11	6.726533535908618e-08	2.07393334194795
35938136638.04626	0.0010244758661028712	5.272254649981886e-11	5.146294631651655e-08	1.3399384028958266
59948425031.89397	0.0010681863966566564	5.286062572908231e-11	4.94863311258523e-08	1.0205712016086992
100000000000.0	0.0010462717236593057	5.3309482254437324e-11	5.095185222820408e-08	0.9468137493504979
166810053720.00558	0.0010115997406050178	5.3637363609905577e-11	5.3022318469384074e-08	0.8789826692694176
278255940220.7114	0.000924398023012694	4.991215202365482e-11	5.3994221948881666e-08	0.6457755124045861
464158883361.2773	0.0007040047732231998	3.9367006559545627e-11	5.5918664271704576e-08	0.4070061129531861
774263682681.1246	0.0005038556922385646	3.0216601136023347e-11	5.99707448015025e-08	0.4294580156249349
1291549665014.8828	0.00039264619068304864	2.5063969148190204e-11	6.383347080125453e-08	0.5729522711172028
2154434690031.878	0.0003254671632783874	2.2823004124254555e-11	7.012383029477221e-08	0.7128919007008812
3593813663804.6255	0.00029268319600823017	2.2257938776222563e-11	7.604788754458139e-08	0.7769673629730834
5994842503189.396	0.00025904878652131954	2.2230231222775415e-11	8.58148440735733e-08	0.8053264680096801
10000000000000.0	0.00023981493098448124	2.2347977469444806e-11	9.318843233697978e-08	0.8517524082912931
16681005372000.557	0.0002225838979862646	2.2505180828437104e-11	1.0110875508984874e-07	0.8467844014736674
27825594022071.145	0.00020501252633430082	2.2681090818198696e-11	1.1063270729718286e-07	0.8364154513945492
46415888336127.54	0.0001882736316447074	2.2868439273408565e-11	1.214638453278671e-07	0.827288573644279
77426368268112.78	0.0001717986565913951	2.30713477391121e-11	1.3429294615489838e-07	0.8146621406609806
129154966501488.27	0.00015574607760029618	2.3290049259276645e-11	1.495385926767786e-07	0.8016588123645062
215443469003187.78	0.00014023877985163094	2.3527319835631437e-11	1.6776614757004264e-07	0.7840535575979947
359381366380461.1	0.00012486505744977586	2.378691789873528e-11	1.9050099671241514e-07	0.7695132064506907
599484250318942.1	0.00011077188588401533	2.4070156478575955e-11	2.1729481525464704e-07	0.7587840129205629
1000000000000000.0	9.755146950651884e-05	2.4381292747047662e-11	2.4993260347983165e-07	0.7398481331861615
1668100537200055.8	8.488022022574042e-05	2.4729738662240322e-11	2.9134866281533146e-07	0.7239081010692994
2782559402207114.5	7.354045377485965e-05	2.511592453407376e-11	3.415252863541593e-07	0.7116933706994728
4641588833612754.0	6.319318110176561e-05	2.5549417969505284e-11	4.043065647915521e-07	0.690627972927012
7742636826811278.0	5.358307420362448e-05	2.6045302844865998e-11	4.860733213232517e-07	0.672615917823366
1.2915496650148828e+16	4.5202887878036195e-05	2.65919356908256e-11	5.882795754681518e-07	0.655280736646757
2.154434690031878e+16	3.765468901107492e-05	2.7221568951069525e-11	7.229264048114478e-07	0.6357527618747267
3.5938136638046108e+16	3.113712571274537e-05	2.7969293306658504e-11	8.9826188726244e-07	0.6158927109248449
5.994842503189372e+16	2.5415854432021653e-05	2.882006143596143e-11	1.133940293569308e-06	0.5930634286828113
1e+17	2.0531364901527276e-05	2.978844079248402e-11	1.4508748412663074e-06	0.5723824224249778
1.6681005372000557e+17	1.6407879493502122e-05	3.120256855294794e-11	1.9016819672100126e-06	0.551514714282444
2.7825594022071146e+17	1.297451188112766e-05	3.473947233916533e-11	2.6775167079461645e-06	0.5302127538682009
4.641588833612753e+17	1.014514190534062e-05	3.370060550683909e-11	3.3218466356885924e-06	0.5077998496405549
7.742636826811278e+17	7.840349192948192e-06	3.2701912668416845e-11	4.17097655520621e-06	0.4852644483989067
1.2915496650148828e+18	5.99082688144672e-06	3.734855645280057e-11	6.2342907234504e-06	0.46932046294112606
2.154434690031878e+18	4.554889374778811e-06	3.083002385407337e-11	6.7685560103357064e-06	0.4589376442068538
3.593813663804611e+18	3.443615165147918e-06	5.4207746031818256e-11	1.574152262437542e-05	0.4497691077265491
5.994842503189372e+18	2.5937658648196186e-06	6.130535268561825e-11	2.363565405695617e-05	0.46498068898641176
1e+19	1.991719848096099e-06	2.4341226782947814e-10	0.00012221210129635343	0.4838386637359583
