# k    Ps    Pt    r    ns
0.0001	2.5870367103051604e-09	3.6291789076927506e-10	0.14028323963229195	0.9554291069579713
0.00010974987654930556	2.576331522225663e-09	3.623163714129042e-10	0.14063266636581898	0.9545219479155922
0.00012045035402587823	2.5652376021590967e-09	3.6171186987266717e-10	0.1410052112007961	0.9529894194890532
0.00013219411484660288	2.553894262788227e-09	3.6110408557377396e-10	0.14139351453788723	0.9749710924302996
0.000145082877849594	2.553318896453824e-09	3.6049999211392665e-10	0.1411887847673892	0.9766915479972612
0.00015922827933410923	2.5428421474183397e-09	3.599010073260578e-10	0.14153493864786412	0.9548370540853444
0.0001747528400007683	2.5319523507865355e-09	3.592988507338801e-10	0.14190585009321605	0.9531488806937102
0.00019179102616724886	2.520771338342397e-09	3.586928577172756e-10	0.142294881039525	0.9737364486721548
0.00021049041445120198	2.5196094073566122e-09	3.5805361577067094e-10	0.14210679430123033	0.9756135684956824
0.00023101297000831605	2.5093591941687223e-09	3.5745547772040666e-10	0.14244890829143383	0.9551516893363067
0.00025353644939701115	2.4986712240199833e-09	3.568539628160259e-10	0.1428174941086895	0.9533366056917079
0.0002782559402207126	2.4876658946117826e-09	3.5624855171244144e-10	0.1432059475848691	0.9728986493609597
0.0003053855508833416	2.486102939964524e-09	3.5560646798159355e-10	0.14303770864237342	0.974932984026272
0.0003351602650938841	2.476090048200422e-09	3.550095097806953e-10	0.14337504003083806	0.9555255715072095
0.0003678379771828634	2.4656147186470523e-09	3.544086452515819e-10	0.14374048085098035	0.9535773580347149
0.0004037017258596554	2.4547943218940304e-09	3.5380506798024927e-10	0.14412819225818727	0.971960095336275
0.0004430621457583882	2.4527843305024634e-09	3.531586649805641e-10	0.1439827630129299	0.9741658235101834
0.00048626015800653534	2.443022685842881e-09	3.5256286189259177e-10	0.14431419893710568	0.9559759981320638
0.0005336699231206312	2.432774572835901e-09	3.5196284988508804e-10	0.14467548856152448	0.9539077417579205
0.0005857020818056667	2.422160251404303e-09	3.513599738487888e-10	0.14506058120848106	0.9709246679520127
0.0006428073117284319	2.4196488629491974e-09	3.507163677864951e-10	0.1449451501648976	0.9732788353052998
0.0007054802310718645	2.410147304927099e-09	3.5011553127090585e-10	0.14526727497325978	0.956495199439051
0.000774263682681127	2.400141281659237e-09	3.495165276329748e-10	0.1456233140539757	0.9542980394496422
0.0008497534359086447	2.3897391537027836e-09	3.489144218458406e-10	0.14600523295825604	0.952566063037585
0.0009326033468832199	2.37905105016246e-09	3.483085974523999e-10	0.1464065251683501	0.9723059227299311
0.001023531021899027	2.3774565791829485e-09	3.4766742014224734e-10	0.14623502409525765	0.9743095278120866
0.0011233240329780276	2.3677059393118118e-09	3.4706969811348064e-10	0.14658479853894296	0.9547644433589167
0.0012328467394420659	2.3575298234768997e-09	3.4646836565553366e-10	0.1469624529052871	0.9528755530733714
0.0013530477745798076	2.347035872327388e-09	3.4586445603504606e-10	0.14736223681663502	0.9712074530656061
0.001484968262254465	2.34493346695914e-09	3.452183962049171e-10	0.147218844828288	0.9734136909848139
0.0016297508346206436	2.335454113815038e-09	3.4462206997582964e-10	0.14756105373137843	0.9553237549847899
0.001788649529057435	2.325521308858638e-09	3.4402172822499244e-10	0.1479331653141625	0.9532919523300654
0.0019630406500402726	2.3152449796254305e-09	3.4341863932873764e-10	0.14832928798070313	0.969987817057348
0.0021544346900318843	2.312571112892318e-09	3.427750736568793e-10	0.14822250081130378	0.9723712587897577
0.002364489412645407	2.3033732855612777e-09	3.4217361784562884e-10	0.14855326315996983	0.955966738822789
0.002595024211399737	2.293701259681019e-09	3.4157446827520786e-10	0.14891846391657385	0.9537878569271905
0.002848035868435802	2.2836524597750857e-09	3.409722674520912e-10	0.14931005197072464	0.9520474278739612
0.0031257158496882354	2.27332693586144e-09	3.4036762369746925e-10	0.1497222499448776	0.9712134855980086
0.003430469286314919	2.271453381961375e-09	3.397239734206041e-10	0.14956237980427148	0.9732910240339567
0.0037649358067924714	2.2620572732991937e-09	3.3912657041487887e-10	0.14991953316914267	0.9543787516055964
0.0041320124001153384	2.2522534585836175e-09	3.3852526117554075e-10	0.1503051354568372	0.9524788075649843
0.004534878508128582	2.2421439945042475e-09	3.3792148982119424e-10	0.1507135539240471	0.9698991095895212
0.004977023564332114	2.239674303939576e-09	3.372792180085774e-10	0.1505929756908426	0.9721894315783745
0.0054622772176843425	2.2305716681672667e-09	3.366775513954262e-10	0.15093778702571567	0.9550816182218916
0.005994842503189409	2.221033448847984e-09	3.3607753452167973e-10	0.151315836641721	0.9530067370780576
0.006579332246575682	2.211152754570369e-09	3.354747263484993e-10	0.15171938060592408	0.9513608118847819
0.007220809018385471	2.2010233994999682e-09	3.3486846544871006e-10	0.15214216510591663	0.9709478843943575
0.007924828983539177	2.1992322758458914e-09	3.3422744339526257e-10	0.1519745990753562	0.9729611678400031
0.008697490026177835	2.1899777552756293e-09	3.336290995270557e-10	0.15234360199474506	0.9536474807322061
0.009545484566618348	2.1803461255378587e-09	3.3302726701491054e-10	0.15274055027972117	0.9518250055416556
0.010476157527896652	2.170434952574484e-09	3.3242307032954193e-10	0.1531596558262365	0.96952462262561
0.011497569953977368	2.1680175111453197e-09	3.3178150189094184e-10	0.15303451203014887	0.9717775518611051
0.012618568830660211	2.159067264780095e-09	3.311795099253867e-10	0.15339008437938498	0.9544155407027268
0.013848863713938732	2.1497066158186635e-09	3.3057899464328775e-10	0.1537786562178834	0.9523980058603784
0.015199110829529346	2.1400284500748268e-09	3.2997583152151087e-10	0.15419226389722676	0.9679294429560876
0.016681005372000592	2.136916895670541e-09	3.293316867250916e-10	0.15411534598857243	0.9704205699293573
0.018307382802953697	2.1282825784593256e-09	3.2872865079817604e-10	0.1544572389612588	0.9552976965366398
0.02009233002565048	2.119216494292055e-09	3.2812990795635325e-10	0.1548354822832616	0.9531098503373538
0.022051307399030457	2.10979465153021e-09	3.27527803200094e-10	0.15524155536300266	0.9513201625814839
0.024201282647943835	2.100107864427862e-09	3.2692342432066665e-10	0.1556698252781084	0.9688577678272643
0.026560877829466867	2.0976046785815367e-09	3.262819342864853e-10	0.155549774282124	0.9711184258577374
0.02915053062825179	2.0888523193225327e-09	3.2567953314588924e-10	0.15591314432966485	0.9539614667989108
0.03199267137797385	2.079712765171956e-09	3.250788501122631e-10	0.15630949405909175	0.9519683460919074
0.03511191734215135	2.0702671495995e-09	3.2447558816736543e-10	0.1567312644796283	0.9670972897495645
0.03853528593710531	2.0670193996189113e-09	3.2383127259692596e-10	0.1566658119689779	0.9696184582636239
0.04229242874389499	2.0585969113594184e-09	3.232275971055044e-10	0.15701354418726748	0.9549403418976662
0.04641588833612782	2.049761672181582e-09	3.2262897698354673e-10	0.15739828749952645	0.9527649072801329
0.0509413801481638	2.0405833543092084e-09	3.220268409037628e-10	0.15781116719575392	0.9509646349342693
0.055908101825122285	2.031144936115992e-09	3.21422508466247e-10	0.15824695852619927	0.9678756412741386
0.061359072734131756	2.0284225589486792e-09	3.207805098943226e-10	0.1581428428111061	0.9702025861807082
0.06734150657750829	2.0199147594539785e-09	3.2017757099767805e-10	0.15851043688805372	0.9537239715276933
0.07390722033525783	2.0110318776750326e-09	3.195770644318254e-10	0.15891198343473828	0.9517122891213288
0.08111308307896872	2.0018475706246845e-09	3.1897392168506914e-10	0.15933976510785586	0.9659896076798473
0.08902150854450393	1.998345791855785e-09	3.1832904681103504e-10	0.15929627800572763	0.9685016184060544
0.09770099572992257	1.990149407147515e-09	3.177244553659802e-10	0.1596485440866348	0.9547410635615909
0.10722672220103242	1.9815879493376543e-09	3.1712604756496634e-10	0.1600363222187366	0.9526318195873
0.1176811952434999	1.972685942689117e-09	3.165242670551994e-10	0.16045345090446647	0.950775064676306
0.1291549665014884	1.9635211334202547e-09	3.159202027959317e-10	0.1608947300942113	0.9665391747797327
0.14174741629268062	1.96044221033963e-09	3.152771936323815e-10	0.16081942735652605	0.9689812029981132
0.15556761439304723	1.952221136380244e-09	3.1467323538490425e-10	0.16118729047691951	0.9537177603065351
0.1707352647470692	1.9436321123312067e-09	3.140734806360286e-10	0.16159101233377265	0.9516542627402486
0.1873817422860385	1.93473854607397e-09	3.1347066993941847e-10	0.16202223839263588	0.9499497914294223
0.20565123083486536	1.9256156392465342e-09	3.1286581044079304e-10	0.16247573194991963	0.9670253325551791
0.22570197196339215	1.922904273688697e-09	3.1222450841321117e-10	0.16237132169573507	0.9693171426344358
0.24770763559917114	1.914653463381028e-09	3.116210047684159e-10	0.1627558253900076	0.9527247324366819
0.2718588242732943	1.9060638338737396e-09	3.1101989790077825e-10	0.1631739149410778	0.9507881734549499
0.298364724028334	1.89720153958513e-09	3.104163340446178e-10	0.1636180066101454	0.9648733623160959
0.3274549162877732	1.893646566911876e-09	3.097718522301161e-10	0.16358483026496667	0.9673780856183908
0.3593813663804629	1.885720637776666e-09	3.0917109923527687e-10	0.16395381852520902	0.9531956907422566
0.394420605943766	1.87722685491003e-09	3.0852720585804606e-10	0.164352648722806	0.9511300869236764
0.43287612810830617	1.868651312438221e-09	3.0792343313517715e-10	0.16478378340868627	0.9499868475016575
0.4750810162102798	1.8598387479262618e-09	3.0731885195866146e-10	0.16523951460916972	0.9651901943203582
0.521400828799969	1.856587220101207e-09	3.0668179687935554e-10	0.1651857739614504	0.9676606345098158
0.572236765935022	1.8486811352453257e-09	3.0606931385521223e-10	0.16556090069832183	0.953021206256204
0.6280291441834259	1.8404290956530874e-09	3.0547279949121686e-10	0.1659791187895875	0.9509837720769544
0.6892612104349702	1.831897214158491e-09	3.048686716983095e-10	0.1664223676645283	0.9493070112070976
0.7564633275546291	1.8231511987851474e-09	3.042637474756826e-10	0.16688892708318873	0.9653647194938483
0.8302175681319752	1.8201295127854954e-09	3.0362635489895483e-10	0.16681579676947833	0.9677512871678011
0.9111627561154896	1.8122442511852227e-09	3.0302122782471455e-10	0.16720771917280805	0.95225220260184
1.0	1.8040305335756767e-09	3.024177839030595e-10	0.16763451520061173	0.9511720376009309
