# k    Ps    Pt    r    ns
1e-06	5.519491587893534e-13	1.1835103454151989e-12	2.144237972952279	0.04517515242314074
1.1497569953977357e-06	4.830931764007847e-13	1.1366711480865633e-12	2.352902511592414	-0.05299285170951373
1.3219411484660288e-06	4.113993286111875e-13	1.0906578596504002e-12	2.6510929498409035	-0.3061447855074897
1.519911082952933e-06	3.355137500362535e-13	1.0453619914323242e-12	3.1157053662312464	-0.699515415520735
1.747528400007683e-06	2.560128180180059e-13	1.0009574837128283e-12	3.9097944058505263	-1.313537404922013
2.0092330025650458e-06	1.759063619718466e-13	9.573607737521426e-13	5.442445418235447	-2.3842066830217137
2.310129700083158e-06	9.955311174787494e-14	9.145880991763627e-13	9.186936330956883	-4.658826593040736
2.656087782946684e-06	3.6254604507077475e-14	8.725156052396889e-13	24.0663390789261	-15.202699369269514
3.0538555088334123e-06	1.0816612696377857e-15	8.313159475443599e-13	768.5547877874387	-0.27903725162414617
3.5111917342151275e-06	2.5370460693297127e-14	7.908671735516321e-13	31.172755714309087	18.874927871015032
4.037017258596558e-06	1.5876296580379414e-13	7.512285856047322e-13	4.73176210712221	11.51926430363914
4.641588833612782e-06	4.779590544937847e-13	7.123914382776448e-13	1.490486332625609	8.032036525454547
5.336699231206313e-06	1.1301010200584135e-12	6.743095427339809e-13	0.5966807663788558	6.686281861362844
6.1359072734131755e-06	2.3368830554585614e-12	6.370613105136179e-13	0.2726115493993382	5.897392244074493
7.0548023107186455e-06	4.433437283842067e-12	6.005082745805089e-13	0.13544981830894462	5.429812960973124
8.111308307896873e-06	8.046073678634216e-12	5.648284494800639e-13	0.07019926389437947	5.120772732728656
9.3260334688322e-06	1.4003228424739335e-11	5.299216989873722e-13	0.03784282330574326	4.870609555969693
1.072267222010323e-05	2.3700024763401453e-11	4.95723072299875e-13	0.020916563474034457	4.7044305365064565
1.2328467394420658e-05	3.9377673746444785e-11	4.623580590217684e-13	0.011741629584289814	4.562243636402195
1.4174741629268048e-05	6.405247376199352e-11	4.2975377577226057e-13	0.006709401691012616	4.5058996924316315
1.6297508346206434e-05	1.0476292002917037e-10	3.979073473019773e-13	0.0037981696881986804	4.452332339114006
1.873817422860383e-05	1.6788056926452616e-10	3.668286708814879e-13	0.0021850573445666784	4.352573388901979
2.1544346900318867e-05	2.6704234120551945e-10	3.3650063181039764e-13	0.0012601021631675337	4.280978980881164
2.477076355991714e-05	4.1946415565293726e-10	3.0692835572438947e-13	0.0007317153363119317	4.2177591705982955
2.8480358684358048e-05	6.555586338306025e-10	2.781198500339875e-13	0.0004242486265627525	4.190399478112354
3.274549162877732e-05	1.0219036335645e-09	2.500993097563462e-13	0.0002447386441752588	4.131295597070595
3.7649358067924715e-05	1.5709505801225542e-09	2.2288521252524576e-13	0.00014187920062250326	4.029864687681892
4.328761281083062e-05	2.3804894942100837e-09	1.9653373918114474e-13	8.256022118944928e-05	3.943228115713221
4.977023564332114e-05	3.572049315347558e-09	1.711420742258911e-13	4.791145337511643e-05	3.8520683921905796
5.72236765935022e-05	5.276810872597868e-09	1.4678141955636662e-13	2.781631237128336e-05	3.7421833819087524
6.579332246575683e-05	7.678976005605654e-09	1.236190430102224e-13	1.6098375997005392e-05	3.652855156510267
7.56463327554629e-05	1.1064447427674908e-08	1.0181589513091632e-13	9.202076813727695e-06	3.5473823633946644
8.697490026177834e-05	1.5634245611165355e-08	8.158745961537762e-14	5.218509523549452e-06	3.397065985962715
0.0001	2.1601463839421388e-08	6.317786037263105e-14	2.9247027350681307e-06	3.2520590826424
0.00011497569953977356	2.9312562689336633e-08	4.685436602152397e-14	1.5984397719878896e-06	3.0627903400260834
0.00013219411484660288	3.8416551302886076e-08	3.288843709500584e-14	8.561007164777717e-07	2.798535108393387
0.0001519911082952933	4.842370826266927e-08	2.1502245655053678e-14	4.4404376340649147e-07	2.482325648875076
0.00017475284000076848	5.810241866344403e-08	1.2825452485028986e-14	2.2073870210670427e-07	2.1362554033774894
0.00020092330025650479	6.64945378768189e-08	6.7800638129250695e-15	1.0196422186563856e-07	1.7851395709506468
0.00023101297000831605	7.2337358232915e-08	3.1158392623181114e-15	4.307372204947816e-08	1.3755397367084128
0.00026560877829466864	7.384242323605092e-08	1.3696812677652842e-15	1.8548704223679734e-08	0.8146102317213881
0.0003053855508833416	6.868962685910001e-08	8.974373107746426e-16	1.3065106797209949e-08	0.2705195305341884
0.0003511191734215131	6.023987542891423e-08	1.0588045680408398e-15	1.7576473399090558e-08	-0.07993613448427461
0.0004037017258596554	5.0814751670513576e-08	1.3403427835831148e-15	2.6377040908789472e-08	-0.18927427186176904
0.0004641588833612782	4.322446313933925e-08	1.491497300756036e-15	3.4505860626840294e-08	0.17399181443281697
0.0005336699231206312	4.0352235847554814e-08	1.4992965669029316e-15	3.715522908239998e-08	0.8395370118134977
0.0006135907273413176	4.1331345995935346e-08	1.4582787860560748e-15	3.528263478763761e-08	1.2931468024775494
0.0007054802310718645	4.379258171171727e-08	1.4364961630700976e-15	3.280227168442422e-08	1.3358755145003556
0.0008111308307896872	4.5393297502377504e-08	1.434730072267634e-15	3.1606650126981615e-08	1.210681727797042
0.0009326033468832199	4.6444867486148847e-08	1.4355398967388286e-15	3.090847222606344e-08	1.0739541866734192
0.0010722672220103231	4.63399836426204e-08	1.4347018497976226e-15	3.0960344329471886e-08	0.974051485252806
0.0012328467394420659	4.610971666740276e-08	1.4332706189013883e-15	3.1083917284502385e-08	0.9832111132701868
0.0014174741629268048	4.612335174480792e-08	1.4325748424788166e-15	3.105964307201678e-08	0.9573819707338885
0.001629750834620645	4.5564502407147646e-08	1.432301478654838e-15	3.1434590591077204e-08	0.9064680769910675
0.001873817422860385	4.493488730063766e-08	1.4325647302199298e-15	3.1880901817675206e-08	0.8842453157750803
0.0021544346900318843	4.411596272014138e-08	1.4318734818630493e-15	3.245703807817663e-08	0.860079890465615
0.0024770763559917113	4.321391800074943e-08	1.4313705472166103e-15	3.3122906078356213e-08	0.8635386572595702
0.002848035868435802	4.2467333450682206e-08	1.4315158514637935e-15	3.370863520607502e-08	0.883927533020975
0.0032745491628777285	4.1836394886750075e-08	1.4311928463903034e-15	3.420927759823717e-08	0.8547911309322974
0.0037649358067924675	4.0780628732392345e-08	1.4309328328694664e-15	3.508854270637731e-08	0.8436211609597883
0.004328761281083062	4.0049697742444804e-08	1.4308372470084711e-15	3.5726542961947623e-08	0.8806251658353008
0.004977023564332114	3.94442988274947e-08	1.4309832274067397e-15	3.627858194830608e-08	0.8725854894367646
0.00572236765935022	3.8650494942356544e-08	1.4307631060028819e-15	3.7017976306298946e-08	0.8602265389049546
0.006579332246575682	3.793516720477965e-08	1.4310979372625025e-15	3.7724835362850094e-08	0.8766051334404116
0.007564633275546291	3.734204570455048e-08	1.4313008585321796e-15	3.8329471016574813e-08	0.9154265699804781
0.008697490026177835	3.705021033042469e-08	1.431189083464321e-15	3.862836595799471e-08	0.9137691340376313
0.01	3.645405798014039e-08	1.4316467343259135e-15	3.927263008979282e-08	0.9094203931750056
0.011497569953977356	3.6125289114899924e-08	1.4314963834336545e-15	3.962588033221392e-08	0.9581669849062479
0.013219411484660288	3.6030908394480334e-08	1.4322495619016837e-15	3.975058153463302e-08	0.9736422207175303
0.01519911082952933	3.5860508963176736e-08	1.4323375652550992e-15	3.994191958418357e-08	0.9463069419272517
0.017475284000076828	3.549498214335284e-08	1.433474966553604e-15	4.038528490489892e-08	0.9601896198187044
0.02009233002565046	3.546426377804324e-08	1.434429412709838e-15	4.044717864967853e-08	1.050915193006881
0.02310129700083158	3.600298425791966e-08	1.4475172501424752e-15	4.0205479628374455e-08	0.9162482913240558
0.026560877829466895	3.464489315128132e-08	1.4480860129786457e-15	4.1797964469262304e-08	0.9170485519692402
0.030538555088334186	3.51790234567433e-08	1.4484119869072878e-15	4.117260357406677e-08	0.942092616021897
0.03511191734215135	3.408946217009144e-08	1.448513182497794e-15	4.249152348811928e-08	0.7590059051409549
0.04037017258596558	3.2890643780013254e-08	1.4485133928434497e-15	4.404028703517417e-08	0.8013032841165774
0.04641588833612782	3.225044407045138e-08	1.4485051101704603e-15	4.491426868436875e-08	0.8567903773840382
0.05336699231206313	3.160193183889893e-08	1.4484946633378229e-15	4.583563659088922e-08	0.8536758968846868
0.061359072734131756	3.0959892502746294e-08	1.4484817028027342e-15	4.6785747162211456e-08	0.8525035354162327
0.07054802310718646	3.0327406515388196e-08	1.4484672222090795e-15	4.776099866878244e-08	0.8513847970695041
0.08111308307896872	2.9701985387228436e-08	1.4484519443820321e-15	4.8766165813442636e-08	0.8517659089026478
0.093260334688322	2.9098292427292868e-08	1.4484536244503744e-15	4.977795958541509e-08	0.853242354890251
0.10722672220103231	2.8509964374275024e-08	1.4484399729004924e-15	5.080469248875814e-08	0.8885205764375131
0.12328467394420659	2.8206866733257334e-08	1.4485311667278739e-15	5.1353848707342665e-08	0.8845325996648246
0.14174741629268048	2.7605818359738775e-08	1.4485243944917276e-15	5.247170634884357e-08	0.845526368446951
0.16297508346206435	2.7016604809911933e-08	1.4485216689973132e-15	5.3615977255064826e-08	0.8473373251802683
0.1873817422860383	2.6454286914463075e-08	1.4485165026498015e-15	5.475545446881312e-08	0.8515887622919842
0.21544346900318867	2.592038985112817e-08	1.44850815422692e-15	5.588296173577321e-08	0.8552848557974924
0.2477076355991714	2.5407084375124083e-08	1.4484972024928725e-15	5.701154768908026e-08	0.8612843257211222
0.2848035868435805	2.4936041270701637e-08	1.4484840258222762e-15	5.8087970343719254e-08	0.8712921043675484
0.3274549162877732	2.4510596062768944e-08	1.4484693720677387e-15	5.909564044702821e-08	0.882610561003964
0.37649358067924715	2.4132287194540224e-08	1.4484540497126789e-15	6.002141604051448e-08	0.894653675519714
0.43287612810830617	2.3800420018749067e-08	1.4484553951353805e-15	6.08583963641962e-08	0.9074092510428317
0.49770235643321137	2.3516645044322343e-08	1.4484417534781948e-15	6.159219356112593e-08	0.9399624539627423
0.572236765935022	2.3404929810095892e-08	1.448530762480422e-15	6.188998532503983e-08	0.9454862761675343
0.6579332246575682	2.316155108789499e-08	1.4485337330983141e-15	6.254044591406346e-08	0.9303459402042824
0.7564633275546291	2.2954319734415355e-08	1.448522081338069e-15	6.310455278560503e-08	0.9386022058707071
0.8697490026177834	2.276803147374527e-08	1.448517117511485e-15	6.362065684869719e-08	0.9434738264093744
1.0	2.2595022040311805e-08	1.4485094279863231e-15	6.410745806762374e-08	0.9453402223911127
