# k    Ps    Pt    r    ns
0.0001	2.845518851854598e-09	9.732509792122064e-12	0.003420293555876038	0.9789566523652975
0.00010974987654930556	2.839953511444054e-09	9.73265493573898e-12	0.003427047272611917	0.9669723345228506
0.00012045035402587823	2.8280856941977376e-09	9.731916844766307e-12	0.003441167594296334	0.969913216862299
0.00013219411484660288	2.8240993817271386e-09	9.732238964416327e-12	0.0034461389805851544	0.9679492878535356
0.000145082877849594	2.8112703254676507e-09	9.731146109094178e-12	0.003461476479489896	0.954628112095553
0.00015922827933410923	2.8003580328836262e-09	9.730562550156041e-12	0.0034747565975112625	0.969119774287881
0.0001747528400007683	2.7951636292729818e-09	9.730715965669917e-12	0.0034812688115152895	0.9669564353625861
0.00019179102616724886	2.7831933207760915e-09	9.729560348866152e-12	0.0034958262784825418	0.9699218893508199
0.00021049041445120198	2.779564025770892e-09	9.730236795779457e-12	0.003500634166209158	0.9679317523587618
0.00023101297000831605	2.7666358483379003e-09	9.729208182135985e-12	0.0035166204428316644	0.9533620973731621
0.00025353644939701115	2.755547887371583e-09	9.728583750042653e-12	0.0035305442502479587	0.9690750506721935
0.0002782559402207126	2.7507619869392085e-09	9.728726843956074e-12	0.0035367388709560054	0.9667785285240315
0.0003053855508833416	2.738567182324767e-09	9.72762454790196e-12	0.003552085415572748	0.9697391007679875
0.0003351602650938841	2.7353171532661797e-09	9.72820089702345e-12	0.0035565166128568412	0.9681516745216031
0.0003678379771828634	2.7223865936476676e-09	9.727232339895763e-12	0.003573053277074235	0.9523055200855902
0.0004037017258596554	2.7111502689677707e-09	9.726482235226742e-12	0.0035875850728591123	0.9689581838492187
0.0004430621457583882	2.7067077586447084e-09	9.726700385276969e-12	0.003593553960235176	0.9667932843001479
0.00048626015800653534	2.694450556255966e-09	9.725649696673213e-12	0.0036095112875952516	0.9549488957467233
0.0005336699231206312	2.684113488641478e-09	9.725101336637725e-12	0.003623207952194277	0.9680925926164193
0.0005857020818056667	2.678501181351701e-09	9.725217577681908e-12	0.0036308431168113556	0.9658947117349339
0.0006428073117284319	2.6671343436267366e-09	9.724456524182669e-12	0.00364603175967487	0.9689100592430999
0.0007054802310718645	2.6630512460837653e-09	9.72468646947794e-12	0.0036517083491272983	0.9668265108014966
0.000774263682681127	2.650722140917347e-09	9.723634084165069e-12	0.0036682962480556213	0.9537006497052835
0.0008497534359086447	2.640208118585138e-09	9.723034661533255e-12	0.0036826773590650634	0.9681694838088243
0.0009326033468832199	2.635069309004366e-09	9.72316357982459e-12	0.003689908097141623	0.9659094810506489
0.001023531021899027	2.6235139194725006e-09	9.721972229832968e-12	0.003705706364915238	0.9686783385490362
0.0011233240329780276	2.619756939243609e-09	9.722642381036652e-12	0.0037112765063784226	0.9668299070032893
0.0012328467394420659	2.6073717825614987e-09	9.721576354206863e-12	0.0037284964189711082	0.9525331334390484
0.0013530477745798076	2.5967210170839155e-09	9.72093360497806e-12	0.003743541774808964	0.9679416890157643
0.001484968262254465	2.5918650806524665e-09	9.721052451637163e-12	0.003750601265552766	0.9656381604889686
0.0016297508346206436	2.5801715291051442e-09	9.719915157387184e-12	0.0037671585194020986	0.9686726362425832
0.001788649529057435	2.5768010363447126e-09	9.720481864716147e-12	0.0037723059435372666	0.9670426235749214
0.0019630406500402726	2.5643975681511182e-09	9.719477408148775e-12	0.0037901601252711887	0.9514080992355758
0.0021544346900318843	2.5536082233985946e-09	9.718703480651553e-12	0.003805870999160921	0.9678380175948562
0.002364489412645407	2.5490972725493465e-09	9.718900743302246e-12	0.003812683355775747	0.9656591454213415
0.002595024211399737	2.537343410291624e-09	9.71781590417044e-12	0.0038299174895894536	0.9540511267353367
0.002848035868435802	2.527396431882856e-09	9.717249653989361e-12	0.0038447667059299515	0.9669608138832603
0.0031257158496882354	2.521792893073576e-09	9.717336350858628e-12	0.0038533443319427713	0.9647566525516543
0.003430469286314919	2.5108768973907433e-09	9.716550075849645e-12	0.003869783534966172	0.9677266620073248
0.0037649358067924714	2.5066948568461075e-09	9.716760519881508e-12	0.0038763236352218062	0.9656623421351321
0.0041320124001153384	2.4948857388325982e-09	9.715672812160614e-12	0.0038942355799856197	0.9528079326411053
0.004534878508128582	2.484780153345862e-09	9.715052523246816e-12	0.003909823776628723	0.9669382115491595
0.004977023564332114	2.479585002219405e-09	9.71515305364666e-12	0.003918056063797332	0.9647521020634303
0.0054622772176843425	2.468537076693107e-09	9.713929682123502e-12	0.003935095718771396	0.9676092901789048
0.005994842503189409	2.46468583861469e-09	9.714584031913411e-12	0.003941510061734125	0.9656814388199051
0.006579332246575682	2.4528242855953853e-09	9.713483412945072e-12	0.0039601219989499874	0.95158431052163
0.007220809018385471	2.4425822163159014e-09	9.712817752861182e-12	0.003976454789518133	0.9667832838686566
0.007924828983539177	2.4377112322483726e-09	9.712909582280133e-12	0.003984438129417663	0.9644502403965277
0.008697490026177835	2.426478697761936e-09	9.711739567575802e-12	0.004002400505940328	0.9675211989410503
0.009545484566618348	2.4230239610316886e-09	9.712287128085048e-12	0.004008333092979277	0.9658667260186442
0.010476157527896652	2.4111167417024413e-09	9.711249392616245e-12	0.004027697715606805	0.9503425731993679
0.011497569953977368	2.4007392203273625e-09	9.710448716232342e-12	0.004044774473634098	0.9667305999237422
0.012618568830660211	2.396237179113095e-09	9.710620278631549e-12	0.004052445376974612	0.964512043922604
0.013848863713938732	2.384938991098238e-09	9.709503476329166e-12	0.004071174781648417	0.9530017126012568
0.015199110829529346	2.375373793787016e-09	9.708913082458611e-12	0.004087320112671557	0.9657849458220084
0.016681005372000592	2.369803960825297e-09	9.708969353218376e-12	0.004096950428691653	0.9635676404095228
0.018307382802953697	2.359325880879397e-09	9.70815531595279e-12	0.00411480050069821	0.966566989401283
0.02009233002565048	2.355107652335324e-09	9.708339813761748e-12	0.004122248850975013	0.9644226817672807
0.022051307399030457	2.3437592385478163e-09	9.707219746116273e-12	0.0041417307658831145	0.9517534945821847
0.024201282647943835	2.3340602156719295e-09	9.706573083248779e-12	0.004158664381524729	0.965732608357038
0.026560877829466867	2.3288628592898668e-09	9.706643363034953e-12	0.004167975509727855	0.9635015459948191
0.02915053062825179	2.318262905120404e-09	9.705389674703848e-12	0.004186492245235567	0.9664425017899033
0.03199267137797385	2.3143668379863294e-09	9.706017597666837e-12	0.0041938112136586745	0.9644838375018882
0.03511191734215135	2.302993398827233e-09	9.704885700370972e-12	0.004214031054241427	0.9504708491033237
0.03853528593710531	2.293136157195213e-09	9.704191581643782e-12	0.004231842732580345	0.9652885948311094
0.04229242874389499	2.2881670694871252e-09	9.70357112077804e-12	0.004240761634137589	0.9631960970465793
0.04641588833612782	2.277486384921773e-09	9.702799154441029e-12	0.004260310497871231	0.9661780333740548
0.0509413801481638	2.273812464651853e-09	9.702624639242628e-12	0.004267117359095053	0.9645144215474115
0.055908101825122285	2.26249833304136e-09	9.702000194950567e-12	0.004288180041179817	0.9493563007627256
0.061359072734131756	2.2524866347123016e-09	9.701110515169605e-12	0.004306844873425265	0.9653294790305578
0.06734150657750829	2.2479498055021244e-09	9.7010800891658e-12	0.004315523445150444	0.9634321532950868
0.07390722033525783	2.237212541362849e-09	9.70034569201099e-12	0.00433590707751969	0.9518809636519991
0.08111308307896872	2.22791287189068e-09	9.699524058609017e-12	0.004353637065877573	0.9643589986626525
0.08902150854450393	2.2224252585584597e-09	9.699504227510577e-12	0.004364378145072921	0.96238434339174
0.09770099572992257	2.2123740391197277e-09	9.698636953070449e-12	0.00438381430154975	0.965255426969156
0.10722672220103242	2.2081039876664627e-09	9.698594193014628e-12	0.004392272396221774	0.9633104267964668
0.1176811952434999	2.197322180483552e-09	9.69784226642319e-12	0.004413482170506759	0.9505887317972694
0.1291549665014884	2.1878960907147213e-09	9.697015168873325e-12	0.0044321186961422815	0.9643175051367824
0.14174741629268062	2.182781708183734e-09	9.696949009732981e-12	0.004442473094481671	0.9622034106478241
0.15556761439304723	2.172563217461374e-09	9.696116051547025e-12	0.004462984539928313	0.965038412335304
0.1707352647470692	2.1686283300556755e-09	9.695987495277755e-12	0.004471023162843597	0.9633740530198844
0.1873817422860385	2.157807756885104e-09	9.695285874269278e-12	0.0044931184640215	0.9493450498296299
0.20565123083486536	2.148284512924291e-09	9.694461180105916e-12	0.004512652361353016	0.9641850402859691
0.22570197196339215	2.143475933995981e-09	9.694348112464913e-12	0.0045227230960285135	0.9621713635068468
0.24770763559917114	2.1332165191119265e-09	9.693546373072364e-12	0.004544098682072769	0.9648693509544173
0.2718588242732943	2.129510429805344e-09	9.693332927370123e-12	0.004551906763028242	0.9632345851125668
0.298364724028334	2.1186733094243044e-09	9.69267921047784e-12	0.0045748814446110045	0.9481022072013717
0.3274549162877732	2.1090457974394907e-09	9.691758442945275e-12	0.004595328586373827	0.9640871561482788
0.3593813663804629	2.1045630805649355e-09	9.691688834652205e-12	0.004605083555894476	0.9621352326213342
0.394420605943766	2.094238943469189e-09	9.690924811789904e-12	0.004627420783101524	0.9504807912203368
0.43287612810830617	2.0852608772604147e-09	9.690069281682965e-12	0.004646933814062457	0.963124076190396
0.4750810162102798	2.0799186955433014e-09	9.690011237491841e-12	0.004658841356758268	0.9609363712726279
0.521400828799969	2.070159168604207e-09	9.68911420326989e-12	0.004680371611136896	0.9638991313028219
0.572236765935022	2.065994289221788e-09	9.689027563053904e-12	0.004689764929942539	0.962185990839313
0.6280291441834259	2.055644738055372e-09	9.688248019012893e-12	0.004712997260498387	0.9491636188243872
0.6892612104349702	2.0465441887489866e-09	9.68738718776121e-12	0.0047335343360863005	0.962979011294082
0.7564633275546291	2.041533288870459e-09	9.687280181673104e-12	0.0047451002805018625	0.9608745935567824
0.8302175681319752	2.0316995168185515e-09	9.686417988872664e-12	0.004767643004631253	0.9637323379337608
0.9111627561154896	2.0278029273828568e-09	9.686242695749802e-12	0.004776717976362308	0.9620754959203164
1.0	2.0174132595491138e-09	9.68551349908355e-12	0.004800956597880314	0.9447858498659375
